0788019065328401167173764121136341861515542828749194903664751865716714786201761557755835910731597414210665518615858052585635409075075758344166588435899845136326928836667198807802553250667077252932655035608829794356927947822564388393889548158597950585926727734036570771128528372087491804581005695503238037770537969905628161286990198097914506210204477542646259583740250271227243220174382796873044344727
2571767887499703600717986387119858134802731216592773912702974068895244061981417297525066980032370299573076942924267119442907942780837413851713753743795522845096054465557077591695422521177663736999433447312381825091169564178503755471158530845775789976049602111083394116222108405445280350272557542898018828262366469241823340927619557575235080194505249915622536803018358298227330384769746730569001174394
6144824484715344490916144896675725527505565156413023740260955806601279251104300291172905705886517003421765087895154248680918677833199936043233386066178698778148387262477304680194897098013351050589106558932124821560722441394958952446519214530238275236055189352439514107921951580085367322733117172026848165916210793429290870152384367097586638882004839073934889429742894781468178732570682776769757571525
7427243733757361032794573728466430346557458366458817981840749751835626128863562242481251247135864256964345492327145948564970786412990400636721569516745827264595576631952361183553535422793081567208335074533033102302426955836321476130003293664353108464693319040409077622511070696494859077554106691478526195433969214457353722055561758338506124552381296040400579869917275161438531641072433934136579241958
9910169507600675020966694885784654200994817776357817226787681808396378491734561066023097052995614505481788633587907658910038031093149053368312996084906108882426001050301305100760130591481279554909344302210554488680478569443636791281519550383172054786978394348422107433382514736209560362819401137033930768822364251209293494975782679589232206770249675240594760834236682182358355041736250652292625039518
2914740270113472183083240536307676771023267187840354509770747885965083111269235260960744277389979525028712558479360314683354410163131058779630888504005807785242391921961603270414728170924936485400032710324373232148409296347445805294149260677023477569183631533740605833113498484151124894458108272492643913393372703810884947924431700790898204036699773323466888864279905190597341237678131612805266723966
0644955521811862881046733881288902023226903755737867740580124227238443393436060071805679697701560681524472999404193098287803960274004424943325456163743927910369428882086402252956416499665482565913162569592002016782756022305339641220378216647696998679475723880649724524234725827066900068024743900122360357427061958451326019391323836536582369493264268868597002498392965073522605097189838813168323931367
6762383544698188004231443152599064430963256648411710859587680130908739873148274924900538728169554570356349311411321606136894716827040726444142249410758756955034807219643132676471343043852214778233167017714927669549453475442468936779766307572778662155628545165873385353752806305876192878179009822250075279867176355367264524728258502562524102173738463640207845657850440174352532743585367937097793296273
9323042859583642553126067982505636606591313404352692538124279395580728017519406646067273736336683218388112288769119397105269647566563181118894543879980523706366680234125429322443097715424680943390885714350293103524293172936426229019840095687395488795295486501341676734212837052037117757588675676907063251106152830646817873490864138987314742446651673867058937921601360602647123266054150474330159475535
9996403980249111245305539983609447189250839288963116590602621272203831602672022194285925059400254272432698174844444619350724519004295993702967369513479655725997874302437596035454786867953233947226077795263702662666437291392323825338318518232642962747066015316471625965262859616610411867959204770287239484675669384217149092423895883488938788914932666567183387448777988056408759239498207633526994326454
5162928072743704822378829298715152953314775818147491867743606194605878654216955598366935461680709104112373739895507949145830938807082579750645967910742812046449291318130887110864129047404834914689739664709158475484241787998816130505582370447645437521774067102025081584456748995540866767810227413898818981524305924069672783202317487117110892761358373236001735702386799575428561061966269205906218265097
0232792661335475495783792235387840388664405153646060017846828492220525767219611270830148525468692328209029137740122267319308130517278320669643046480216746444441955240517679961371440541734790913369482017057836462047807226458102505376211792247827511505647701205816725780766577202368077202985951630153835208146412139336960145129172876758219404096439056598102774170781029085836359026249706261206913332246
3981291865607134138846574253324770057650111693289368992644207592173064657136037963797898831054605219183662216737833224355664316864071433028190965891838163606381066085326517267735641731124923295602475022539654546752727645152598922453152117250138147995337053224649005153734603406978296418326188104219613138210276691240335323547221144539029543586418791095343103734275495750479810431377228273967001354229
3456756620751263298588555892766855835517572096267523522387618464924303907222953437682127140472374617527289873153187604962234973185639338938211450096145094429286280542769928321330665258176090517847631544967753198626829984246201477523515290849573360215128173562641416210254566412523778908146987396308046361264138391980943090767097961944220117956947334810228630480766773352692065796252808928335088177380
7090243524690879189408628397719741021978112355736887243636252459516086366198135587147962173145625815939343203480597691516754554960090627709412752011181516891936810822225934530338351489422791834858440984371837659845301344503392764079819323588351637121178787522925837691159941593160748543206761527988789203378760179107420013401107882147554167336416509507775282156794321005359698461744730374869804766283
9096211836863670408579224120373594095459321465998218118145408643964990783965275132615602792448414712523978778069646899280230339974099147907553792504412092725556445139096466547551627450673594289519381051516272531836888757886158352661076874971296666016984173100983246219231367274797124918377565653599265998309924992744845607801846011174725154537682579127163716138583596424734940824400397197498624123165
7244512232703805615417133364480401291200059812250242765939634919214341308626653152461987484900820318915697552774419769371155241087030000485567876245001058254170449697214037889136787145554807779718828427773598449978302808361871128507405108458232998941809991181004243861096733134495399178959440239847724014315916178947871016233167361965085203680405171565878873171321678285449903275099445256139146861642
5165132539917515292930819052524207912782808019523443431536501920996110848389268556336876487388503367730966622167593568026878667101020422741379130098830990684972143585695204104380490789143473881056439834842227218748236956730283397066097616185267891001562364696248242294725839628450155780867653819293972544717829391370983152102924883764907148112243848036711357824653670164974946915623215470825772675336
8398480616348695999681347101679434830822905245547323086229445849622528928950501525423337270468016235488239116204903939811485333728413055033517220522208774482476556461005165427413569425663813483204332808443064156535871567115559045387210050900573443269165775797359783229875256400240997508141245477946489174911762708749522230003222299004960844160669429651513453449054532379930075655232506513630956078136
9760420010959364382804566201146598634470949737048905726263271792994427740121600957761851284499723220747923845168175147547312600498914757689837943167344039555568747944935990712580876288135647376028289940845509918023232152883424737091591314957529142653997884580334720907542183408548982472881925353958681154943034621277931163854537860726610309692773650022499981525666065499801764200464791856564102125003
6124467752240930916923177166622199824433451626120552194674105340635991843896307775304831296721466613069379924088882030425144110165035569391216249475603295232235145907929041134258752092984016578764846838500525083616959607866728715373679908342744409781731605833281026294142942741127895040889899994551755545539581378418786417691653986725950769840624643262834640882963289303757996481638580650218570781686
3834346211567171576188355470356598929106105770039798948658738920780105887570626204831760312998678430604214502722857780209508829686899188881107744613550126450822709704313377329563324475788744774633759552017405643075158488364556281777985456102071924337434407350818759822378610747381027086848070931761313734323980497229750811720383794040287935666190788885671636155544123733357723475856170721994105516517
3626579383818449492214019432367406142999022956812297233584395415070147777681713695063941634403635651754486529116337544929473300141414618355492285995879078622488726309136465922570720760788774306831580534976487823814072484159544814836147719947274695559428510697157711985085075723358855654643425174521342955056966323546690681199452284134013089447758900659200515087004245554577067975040891651119627119094
9943851625848990209621476589081541072962138312267638442193323938566494313782442177601152114809995347455194506432601542849901985235376504259472849005096485554314160512490856856805258019905927805220837599926635958365772517445186419369224329071607881611608230103964872786707939202720428753785264764020182638112946340879448716172581566643299192204880374647084690322738409813666783551640124543424547697201
0668560503278516628390800816050589943607377877930790457603456596123975684761236008718335471632805237058007662760497653063574180334925180788127309186494903283249059999412263291826011252158312513694031208958371854775883641858871667579908385539320529165848668875898338719822598254095205630685441462916617145848310791073421753452296506331721691491833333095225724732945146165961460075418765845662960611907
5549726796067724774611866128283276882708365042844258920657767648387508259866752022564152035167330553415110829158612688819364083761693910145522138804788755914798690517848460169706062932646135652960989333157529096694431521848790569049335601162512211977523239568003444252625190616300657215722402966257950288603832927949904433021905341869972222680939103073320970277218308501444849375232174645032969878518
5558261180138151827715633987625892590089689478982285030196069154479782170421710374606898381536431511231779429681000249241609649821322991607035489010273559022229693288103140983655842149925796812986850859749666463964717378776429832588090588451898348750996387114370198575323464058412166882373583089668064177547927199600726516065841650064017064614235163848170306565217444241048291331788589084173009956213
9012012447565766958068260928829111544474387612453690752366689255909094940015669762994865865854100439109359429680746402658998907101374754315344158868585612690756956732560985626989019666868548123710999204287745840027422609981228610610551911436902461592985987077873026050818508916304088275050554076563476470842977163926293673831993987220296221905567042268974189314809075793617202411304435500541573684939
2873245030741207319222929823861979884107526652997973595367548272370002897997221090186315004032769218994907172809930295721128236130328146782168457845405511432153208525339720326118821884966267926779249920536531194443492155380537909055086031088692566323745617947757793537214211887307247522989205287706879981308985678945432635577145275665573866976122453391078661929694780615960676884918708961853581668359
8424393601890032178648491125335730103350826317522304043960631669957642659923642310207676725223300039977106544018225616212491504829986628709774024549020662099828733845135050666761153072894698693372388300715967721026793985752229120750219928977153923286491076174305892574857080426102510013042254155497157014968019279198118674511766000869791497788551081019355604307359578700556406026062348266412370650422
7181275402352271109046149173795556540103332016463556193957514257500292918391213987283231526278314443096760808012952385133230258236616602891315228463944269835040328370940038598210208852530080385575644676803187350262606322864281314636118840619300836088597347706829005339165374743046325994503328632066518295787617429896044808364527548018076488832817085439626223093515098069400321732464975025377147028061
7089141045084721696898393467874614480421519584855631210381232784598906561628523879783863383550084574690432670565775392051988279312175870053980569616435995081258789421395350869174550354478585820669768971184529865255720644045497208399220045658154126569352022208568848904639137493071538419828891049019655180277676183517798707138563711682130124520374133941434827222130792304844552662168975193144583160556
8099116488562870310980532170454310950774033904986945885529678425264887834224690935004912475507489350325557302525557835475775968227640873089348275374258807358484442162545268453496779198351936637446276027518658502308440945070020358765888171739640886035307654502161748263589256915879208287661093763817640438084760108823681871237838409869759351879807304371743459027658757380771810007363899029109845272708
8063009461830672527411906413950918626517674252017620978798039500379040149231477871175799985568988315997966354719282169815640953736528264718678315926351653311482150129071473329548204127621035569663935317895357582824178755833027316044366931083957484353197736035078539242142264062853687440709741543391910559460141066178997584457563483919947919015148779844347323596233164542477452146909127153479168596702
1727942014282268392247135905834224000068717462781802801749286892839266955925965254996153969546962122990711065810878197023787705292840261382010117378318501017114623925601696898591519532834537067057583208558197434399734237582980084353375401553242483317613200891622409816687390789001465851259467938030665734559197944263173965181618501359528357642665593292192469908292928032461981306506350272436844732484
0577975983775896111146084780423511591691877498716601130851232650140452124408125534161625336972816215278644071509153834694855007862601870849255244097163411366155187026442657292769487412823824120385527980990516122438450837192215163726987975424344677520629746304547009845336691935822808652042029211965226585653401522052400704990175758159042182633608630252024491346343206451350099250869212864588640384084
8193860785975446903088196688402551633999392509479018807294362449331091287985770280016318176003436742117767426019956317137059126214873775001148741485796093918443366881191573465192145828205507709763469394825330990991419773310653302917143075597004391989118528729997637857692100565984305290172286805424572410786021553563200744864493061589203934063228350936279199949654170715960579536810970533921170073268
7115906571918768830331480422206786295272704680016589343488464652234204801511519238479332375255748727330725617523606058159535102226392825079066344841107021556443986791619877700812360307255444325205622335457852344120517358947467971005296145258702714207067790933138625262193930306305476688948866861776447834620302959142691964016692657502868027971002651272835365547403618204728423418292837761096556234021
9017731318943184547545369948682164008089740644978166712085659640661924711022699548012240325602396457966297685751547432877604674369197416867635160663895259285363371777023227175695000936059747816179597646429607995197201954492578686255816252888432476938782936856975563926992465213532821674514118879654313320881330724377187776336063530951868975749782008953581119283891245494340597086587583827751024248991
5647119634364094249835245293227404447744195823233177141330184397694291148285145392934928777543503564679232530084209565452925730108647671126289706821065566748465494933180599235445017531545691164395227397669749898480707963185294358671998714518143606632421945116101797091241598561020656975734253097560895733053505151992596792521130156950858903629927812225157941179154808896231894651805699209411623664766
2791362175478088931304866303309532901009989630150996056814295471124607802137533042031347205398193223472454010345194733201097006334423842279642096634229228760402155642905732521473130143594792797114921743160635126365025532118490304658984987404301272233331401081357468512134478904602572713370065224553868824016590433639814359451420739147599983498940338439085298803143973789178754963247902123486968800362
8296601590503010842149261018456984032150954482595187367751356398054156187565011238093878914298426633113309996304778265251250493937224897344849843717237293841306291085138298668122695860844364257780642455138239800196074871382421158744554750281712988628282741917202693075494742095405649236072095488466528741127626504966949601032788960354824497110578127229064212216674692773477230033637799800320767142382
2413677524044769610722527271797167178332321752626258872933979872300592209892648099069985487868546085924173127944994043114590182105808245421321856254835651796872774832015216916222173726891230419264106687608166452572815486202254983503396394823968022254918884297582950947911078781774009077199825710433661315712201653239078396635045305364909746381545633681706496370428164939060072383985068589005178056339
8076608925715508785420214242704930225985811863971360515660731915486687916740920084671994766124942495819898142551427047481300574054294828104137576858914643282161732599280092550001094336868669693169559026496681622050531610297649906602177170926460954046581696033682104671535810568809717575597744507891200442915161050938707865303649350833030484824357061996250628545454116618249046024058975590783274550905
4103124077024939283227410296863378350945765865751892385809784630808634299853298795039267528093066648180359384076308637072957719026608276011574567580693645621564131328992315843911773355338357853663089395261628370648368207137669126491896245096509375471025670217434414696436630982030719164915876313176532707763381935827536178859968129270804212454395980784565163800900156718159562541056277514963052538502
1071592124093553895321464778303052599222614857615738273910319650884471859687184500584670779728443036452020186071236823473217426575102939644214660369065879902523874948707206483351023479710974218607343548713772345248732173758040090040415884035653430500475215587426451201935041627783179201268826500982763361812691571110045133565467869040698684667062351661080399437592404596576366335121984909178923786279
1303012240278549509273252762591829925395134616918725108627355444450319571361695042494784632596630363031189477817109343875299235835385067726717312530932980519877451895200848310991611732343684326494206195977649979530914636089607126558045227299476987479320846779484819768414797994061029374049205045121682956077399537432609144548573036791931774240337777277301659773554031626201758587072188322934585165463
6528485074316018797786660754670194410556158243675440632549388190258128775160026807982130858394696438264527207000212696705015659712548438709080023915530455929370415964948350066447438558825537852456384187321620610974843567233474481949619053335187524839606831528549982126098008039978337903070181682494260422657441857745072976985407730513145555187693099550337814230569363247443466367719991845340048699197
1089667438766491944474460831009995316349037792750155359491655757210321958457555197069570848312946914462822119095226980512614071950680321300191497922994052263905937323571402930488703113349373522108319840959987975958842448923292276902079285926084102911832966570085941984201141107534710984298028726410325817323770868434792984741076608426669970979857459778004711947769804353070320372197632854650359363023
5289864086219132298989595194963993384841804572857874299441671242426472931661699059240263995639933750583184316075756259518780048544754026914193468964061277094347470329589916880747883563471658857492832362175137678566148432988846413791208819130046244250413628673015994168587665502932653964429459471335408021827768663115767093956701275642314208715231972088973154437178536880275256588446655671584057075762
8440850660850905530140038171197596464437501917087239076944035163494997732483762909970908505363980643391235256264739380228863077225360837125841685554739012226546231605382964243748972889552023118675062725308678523863338728052279832051467860271108793561358233520104483341911246034701441441176790525143702240268149713019184955680784644295809140935668798340065131397719822350182072143038103732063819613846
6371923994109902730320776443265828663965827733739063382511678639036021768850854350457159038044736484235860858812980663786780354264968276709832454669699543356412490469522134580226535152914777595261649538119776651471138439888930911561268285731185479424549560266596592143413852280875579061803820440471926145661956192095199688343720394645054316058003693459826386161256580169209519944011750072664238905462
8591409932076029976229494633206014426129891947513262286154629022373650448792229148071725918901748426366061824471992441026536434150664923583584349123176334873038809539573827406977451404572234943325085311296836836003696335838248505759255920629257152138175866563228173157883874514387782840571545398422677934418671181669959413027182036993406253048147746875907662460264533158087888395306617427595132405149
3114234536942529125942047836711889100927532241390740400480137143218317994748016882168781853186310809651401732872023234663234846660281406699148591825845023754913998236796983572136173820478726214076813129535772575959333465687845215238455863347126199894890579358671205963273768986872428363869118889955757479225488188358612204181426938783213872252479222377125256037648316339338146420138761674638137668909
9852687178879963470284315507841736139859638233115832471585637847974961884983105682894380154071703807056502229977579992904759611045757552330586791119269393841507867722691114827492044666736542218436965783530227264176252836964816116507304114962495408998444699356368783605944207181773016087967550987368885373755702452560027358088234931495409155367475043698407839505020906611235764605913005842914394677827
0117628710654704662605947784403440749500481773665303356727462317682091828487231071409688903117239261956542737851890935062480560954577048115081572993351622505760849069349281918020858400948909809448165615115945845332944729311356272820759242914263328276284445002092840575717164098604615951386678107293757126449997222822840334497252676095352531765358185142382680991766636018183569856756265036511710142990
3826527438654209362817036504615981577686635978704372765983827901557060484300791621262259729282700263711805347156619679927582017152802467719603364315552998587699854278022338559396966518277550673965215662658125852137583357555205623748691089922022357271430129953613836585756787039345017885270981495959813064142625328362741516209749585509057244028719381283734715093424964741424052008275196667279865683016
5901870928445683096696166190101652480109935724635594849064719176759770571373654890427513982080518739409515403073839395790134726535400854245702202389146953129495545613068354612944473841940101067429106596296915318169635747211319174306650054548183028357952677238557893693933832181476248158424478847005574001837193924272870444363786548948248773159280198138127199401689891584929443865152561797025989686391
4108374188958270564166214008946923805538595555549867202323724221102321520711446925676266425444032927814574850308827083466398133856572963781941820983011877415311503850324414587442713651246671880235525431419569508523432468764579867272306999587241393565577170301731235505139865878845673702282183871196208476654224265118548390374112679642956722177987633840404714319764831799752872048464242492046328491190
4756984511798563300648485346466228793589744800255257319281982680187823380265445936899998705361089498262798909123165344397575677168864199754435795581492477618323092924949770919505938690204622290873912912759533665515057724700168305557115506230792258435959101281322908900334206299626442336608978806022702418345507053596108274452995591235436879986083106465011022987130694584448588324486567078917535166457
5953817221651942930248248353940948511184656814989464431557919925137063476378803106555506426489022613968433139928061164137436976935574565775642809403885050751760028021177087331090195992139703606866982151023458236895571741747950958624139782165757966527066232049298578455266872976119686298070941158965836949536795074577959244928740244506205993354342723798689947975056924016557007325260625199974531058186
9006066774261776869108349764710405435702825835839823433270880060093008800735596744254319152793450487548468311126222541312353664264911852898808146438743149046550019630352974206459964733181556184328574975001737104960766290391038059639225409180898654629068585815520414449428918261652062264874314826765343954018513357176755090907782608976197787565797377597169031569005473698420615447662118319653461256482
2400151258332765724434368827836221894566836585811088424721499883235380445204875010922795644805819793297940535408385838483181179299532626589478230217359969071746732737119332691607855306743363901890714358760540195851541336663732910874554964131331120191401672106721706694744815420153985020421190763612512208620334146169601235729736276253267368352233202913660685834682555840525541016951877241761586637473
5390285917001055561772151513627769035865367339914156291479210609363301487993086785564257055106392687367518198383618644792693788622256035245628537929858604725177003412446379078982401697039439315643743174448354093734772864706070032118165673779491933468644541770831358457157982870620311878265403687797510458654224727092937291104894550501818817149986561436912815116228862246534696842909902685962637178889
4321803839273886229925919503000299352881122553014135437086520014135846417803843894130076778843471829159408990715199450797274677966917895248223364401220735359030472804115912854101999879339639266528675923879765498356526888869842892404695807381490121445970925392060295501387179644200942279781783172164629592076819391432856824791121699400636581891874641370735100692415130496233517777968897512267926623184
5018509818067793773371125192750224241344925855455148222371951709383711233921488474881788396782462476793131254779556160404398291364988569450221979087831886058076937184803826817385224071535339706098537509672892808633967911211946278115447151713216316491442814222751675788265170056116631800789023369813955121245310762835782566790119565548887490508693146962875221433845732836292020043020092465139935149479
8027736844411085675353576660170109495006108453107973676184052540902589222001711834420358013809128215602712666457010276278452108381138724861880938730679824743926143231514280075176780276519957912989792353808423084624816918352311243551440327764505266127407855064073680422395073738989767019459476233062542734575308337374322875233270674265024880268892444880813471156261077277519425558495934236469925781824
5996874434358927565635589351748645113681515537805822186879737611346305872510657150509526499180515367023643174409098351201743813337763043471601926654587940059734266978860292967809673285925943362503821279156348467758444535423693489207322900071180392375139258215930795421550147697218657069753905905514370866050937393191984817290576221855194496249635310785080190542332226658718737845141795990547732690727
2186555162792449224785930583212456216492225116213240515245249903485964016116635133158593035440742698324818868367684808498494710234681025618865941498550000110695663782519773690535895540637868180438594919228716832938842821046535456484974280801892768003980434771083268255710538681347694549719723421521883747933431057391717223511916988052432168909607737553987655653204394120786104220945166479005533537074
7574242149661233281689965557334082621818518756836153070157862385175884815307980536291466190809914325531982662668737492731960642411817514090228249460421741064447990339638730015156631880926544023132508607909716607154358761734753751606035275317413275267337686024205490594475124650470275298566551194112117096692965628596033432971688561592711978821623382041146961686200414779007240857254115722932360940944
0695236452309362933984837642009745487357241100361603118058269789143357668526114462006939624004436781941478109344400644225700440015371335707480074845790779027614651067493184033385980618406313110011961130187866603922377016275694060793311558141531882136440379220419670481784737491241959409018324540927641115060118459803780098015869930823110170881850946553822647890688443346032791328314492251444161446463
1478711326083966931910606327535695248856203515409101758779339911564383738267741002555925442047531651548056405669334966208246739213930991531934956054340662534423542073463490778042873702282570957321693418709893716936260000927683300225740085378869674354503425727642611895365994747579064397540159869220523161596109444304059029765995691771128857838637647717049265616481653184830133152430946436776604759869
2468910236107107519786176789010375027667969400115736758306420693799322838116835201291791314099351278623443031105309790251794856359344237418186950667483499208625827986510281664095288927848304612721212580573542858289624359535203522252683341346006177736031700765035637578621178763860413840121264803710926743926787635566089641814978742179808829415361040701475531553060632813243208835901347174494455464905
8901376671379996885936656191452081491034724861340560742935419415393838235758584387159708886680953743034941086248341075330502007494229424484697491257914970527773824216393935910297788309871961250775007924131382668124301939726723633403439818613179299149979328329494460974454947443124787124319278829182302725251216677955166841452995621465986839085865054456964754119006405770621566344840455741194170006811
1374519069771512694567584412729963486889984982582950570550228619379228544129546725211867149798679094563153575715510780466059501813555621022434729688506079490477847015941421367386144146248784251358663400075807789886421929652546593197483416050399441387221764017155078319495606122966937477819965285562212694606432742160140025925002052427025518664948938939972145739868683495420876280605904218089437112973
7805525653559383879040071081361124906105722599726753554851192247929640233964299663249221000659617345342797051334215252384545897276892406997963716571097219018239756193945886193864491982869027957862311922704583521617808172813985408933920307797550009646908733112872566519730026045261992095008280809132999952330689478417406436433110002693050474461477398918241947290412048676372485138530810371598542221248
7244750289649826973594183506629974692823402143631530524892009839661173812513993016455737375498248406856153341115139029417082407780398747301569555348093098421249923457501105723497526556700143226666345691147687501469287422484171659645105481502669849595096024078269958534659506884905145038409334717305157436231156732475479868902828357816205653791901498821789444168585847114711793959656971742923298229376
5648216890050640989758913622361463235026416226309677251146008783304380011020976037466423916194825716709772965350324682191024926706215919503296219922675924559686402911297173950027035330629052093514125827982569210489110855724100300744181697545959132333659112447965024901224526711220325165858336487480230521061281199777351650618880348625465812247314501443595679613359355940185200077608967040150893169362
3827505028628959103030543489359590735765945766528068760258152760819950733515530872165044778833234362170414382259760078649080289723617055939194211916041419139885399925659870798557921942485234223945512985679931496350263397656314624821955856114836878436914500267872666151576149127538240596906781453679595374208434437822016062662053272098688024861458923941796730980429419638275589587452296917528468054292
2397348728138736213953532648531858998617326694534280734770543468808027560888134591295705886544266622012211875971950391673032671708956729047781519535648627439314935522869280422343836564246201750249148665533529627945834109188732919042483545888217610732530262129037452752424931269093455860508578117402691767132288023628863414458573752742381617072419172345409258114135529557749883003763448871235078286814
6454686266366129278858239362878207513639142565561918069121707219170339067162018689466952746152066135626111900390086430697547682249810008469600249752406433787014164280178412225155277697202702593231981539281567125638644429671887167215989006065685205176641188888648222247246166471166244410632483755237808056049747862137458631209854155370917048058006843749136206571377668191877605511344635012116853968332
4081706639943290688174307320857460732445731770253848895419529848122683354016074185048232992891915552946375729653178654409946247942381311961015297956437973389770318310893823497239085220678928966226348245333845746088968546576681112496077764088621305317690907268302201258814616310765913151099044026265692833715570556651060259470682176123207152881913636215057444865899027079954036709966908347443601860730
1732828601425925325862913129707594957457948216748142023984192067668847826047999233173661049583080648876430959102473603674440487506891565585487238543809819568903254607175522709265043950891958154635086570564756052244668299772758868967198969632443987298969834023489845539465625337372637611022363294825112612268815744889069818796422842339901149178789054308109720534340253510178661275368331470023442588563
7423519220384441747437693552567845862133622067098863682894830775349374897205703843641017735407639140061227027923671336550611412834130819338728649771302072830262999292516161398031120616459459893773592438222812765431388237488508079138482109241250155772969323456723118739864295280335267295894830090632235569603638583593189483666278434437291132059394882131308642846295522003747158761728300634208341569788
6893183018124968911379624635049109791598260401206742078245304858361525591878096372929059350486208812651537169334090850915511203333643471722809653565780364335139957525441946000797934119580516100538018329349121354039735242482250433211136414265811526121694493069946877467584127387172213047703772308359254870269754715289346897278528856916882693556049596835265223223180668119206369618657365312466564182216
2083570099446135181980887917156599268550450472419672890836690317784711482503035167543661946572962026230655831738806612098147750766473362230967772793366662171902033143667649768951080026761298464234780815378944839238578531026483943056866047900885751058507799515394820145670443708261087654629020131137313576523819007511906621442925347813842547304104302800644245925473623819543691591833627730723798855070
2146016835792802287242110245731746685547952539457627063493576814451727574928522813363029035707211554415252328193617396882370657887050346760736742582742007734898842633562371936077493988171682839530004016412410608943250601175187524238181004729573186365582967869317063598067608879490338947969940003058739613762815112785469253231271732426592044081924087296508649881128601444817274011008044899512765568033
2139303710388907917124307389524919876095405108388521669566705933648460241710020733261242392757941296553856165722423041850964005884032345225038211471737168327477231851204415526424256268257180061851769695094189086678846952676142420520278937752225839892861439285978732323616703876097650000730292345354008935683481269723491117017463856374712610706123648762237123441226765985821235329013791038941921768856
5360363718574680313149097896125767750095076114659995547439392670203609421852737870552881748997552844237989077626342501435772208844381494647411087690579136374162588531486728093916926754727416579085411285365091275402793714384551495551911701580826429778518437631940977132713123720726648594333596503381563288953425043153838294136397515319674435966866000140243409961287564703815653596715040718989884074489
8972420898517922852883152881404269282536568779651519575687800677561551437009717162436193637362369437528279198563854298804139297466603239434084277336288492082787626119445292201859948503843667492240794302933651026814396156601717795008408112304700163521271701592646449352314211571843860464914504686012978976203639617737395913010122359208613044945294612716752105241101446867980106119181499970962723567766
6430164367910774449581911265684382336825581959036953892933512140433028614566467769485301366401364052983899633924773453268742219176401559748611006664376218625043579057472116546710302041254625578431199265436094002061460473241919324326492638627871557721862485428296206035246329983791366829038095694548547143731054094679432880141898064729528036259060742836217883913340308180163540283034973631178001529821
5181958718712820224908823644269724660558922280606326857826273462600775385199602077958264220391554351025585827040424221666583595904583187754558515838489071907577801120558611839228131701239708239522237315434873612626059717394921679760318289385359450983989595609105615549358668101784474379581621409389267725978565349755304399779017768602550023444043900628653446492045556245508699691385772948482012308065
3356743621025447378110616661686083254469604414762116806422933856579184333428723925953395375583429164854200573422183054667723133779401136994680768163709441381277986063328217670252312057427812979420470302094252683182358141028422432207566816286035534010315475045233846516662455241240912627616248374056154152336491164443674306559662125620972252461089996438975554386272052420206302831322662414977018643562
2916384435406535907019583508971907759256566161555019821503263097707452050413640109060887446325292458535089435513567920957658199867162605263103124986052838344674696849862918205998540809579283482469516944456854098487453016323677085359423328509678622844949108752945112219401313212819053121670872324058081390281505456059583838263480428318766308508164213520282969220947594198613853416025785079977374680288
2877541092595559292805221913820182202483489466039250960190848784298923726500302294596473878531598155793057996700552697084075154062015272398313755876950181617595673268002422559324878294095713472641324980818921791561638048880121858377707546068855384210223724069532478121019709449511425337878452684867430032732939464834979798172817968157543552740989823648190768221312125386114555185111698092616755470538
6237231167463699452553051179303846585396477420589944122309348333267864381912312349255706013896521153723459008582413709522897267744441128166397770079498978308792523310247069463423477848720518747672613015403377402068493585905693922823328961335263520152217147332006257592409574372957887767883148926029622011993290565563320231731126574694317294058671427069335105009622503396331947893559808281195539522831
3859872009962304837520261363800155716071645076232789532701434349283040833564140768637710108327950455068829789950891941049061060354260351156619440260120568023071958283693337693192077678406761304453498919661421521371845377069245804201187728871460807047555079126153456835573770633155133276865002446294379521208651440645750645600076598811083644360199873012959025608608211673787225088364593460981961591927
1468735687719060644407130639408648702081312909403557977206350206564718454230629178932406240368623059422429297519648523625000974020792799424490801648819465502551901094478168920397597984551945780487157252126625685217622050256976010437561082461665863817079079833351510249258474620788363859740271319450976358215980000213079296610138489530772744061722841061550254966465531571252235758880601837193043981278
6751826000850313229396747347639189274177550067919593141210261360065305230076993154305847552460311706588238505258894364254547298164553272202524312301828971368618192981192781079439923050805975846785910199704598307195496937492259901899493253153634725681687229585440338701010260661492232499683353794187807472338616516967576777218966430157380779296654486714912134202276133414790158516445545301268725604198
7416024243281691195384429437367843245108737854502169088698769466910366405301721849278757599883524202304415815213885149258966786171975987372337041066421142936521335296705643589657020434647493797043211015135259750510188316392568419209589310613331098235343584146353097439301962933476211196765492123173019678749923336454002316443232337177722465758607045255140018640079611638383616196806864928311273833742
8580852780980273683738392795489924582873180166542839650174468124724057699183676113319025327279758331253085067821631497041940114513742314295886838313290228190206777483473411620844310910620115696178039791314674850873921273043646706507037053171528154810734580708261902419993358066477001823032871687083790905146886488995399327198020230344417691136983412617399752367273992205527158820568498871021808533001
7781735215202375880435907566847861086841549212553775081659636997526230281426157587832493545697002300498900488238104436802847368963634152397868377157162742480783740814470723035536214147969131732674092950850084858983041916399956847815569138846737266888363126917362502463676953738344398098600319450226737715192439028508055384382244791960622488566698204105812244813837893971783081511008272634566642974176
2318658658216521271202831154255216685314097781060565801796936134508379965699633348345502427595237294448984590531845358449958724652253827347292837460644279006259990617376996299108317078482686433753250442449835105510871186336058557345694317710793673354544755613546437277850208760031074383028025895578941459518093234675119384191603535496099154623452677900695407444809278199200830627747087271495508089478
2262679993972966055438071055171277576240550462550577938789659045602357540072377800550563611941363691295833210220043448110745990519157021281596926864266294904880324696283259565204912769676953031306794676015824421196002952410499176007714449119577334515178450337535661116920480753534582525424390132690562328663936344262993515825379637393697875396887286104460116952819112473400561741421548570416592523543
2623296658423210435940595902328500739530797662751197052351128206648641218650652221811290784354306141635956550986277627681022099566403303985241397565981083716472119177986199526198639681639019729884320976169810332342853964729299031130593282393422467389878985172634844594470054172736842790010987625308845801391924363127004914535362098210715715664619146598205279684608356820759030325035382109386479197020
8623979991920877386539839351268614871946907386358671631167096612783191810842092122070785576093457013837402757009763587017437814929991036930892870414887350280166902935791399772969116072267405646869630767319531790362494534877339114401740321268958220290834224918247317019178846284107561792010199729713827764775628014659464547490434181085378188614915085501687971768482485786300715713295319594188866648553
9034111020996221249786502361293751532674067710853815753530355007184954962537017070822902362260092167397017073445590747053190301304455295254498857730407188274824153805033131935866446583398067666469960034982251526957052272622394308568135282481656143254418223786774965672219234345941084180345219461070374862984381098736931538312960989189926275182892529807486609274762346914214280306747304628919210795947
1650059725839497472140938120613734874069956741939146887733242835966262970650500199002767139868526052474939749683584741798258927601783082686575895129710560616011241823494727515482040169019212420426927487298340416062040031431233742516028838130694736862799446873134644472976577706913474848667214044412502825813381276121188649083030023745331533477124048557049621845323684891057429062676469140244086217505
2808432165687485112967827544303277615835419219980501853136294373081128840596077747731230241319766441257063946902361759247986229763870147257530149620089079958472638354101760609312275817948804844879144627386844165385418291092162536168795069592904555348569615737409395226102930262502915309574134624176304841429009766350012686242543306333194964100628283062088461712059342109466663902451306301818478390841
3817995466450905776020490005898053920803215989319061036996394428179039000914745130834188820396793785927702978865052877434816474547324313381614534838516289758787337576896911086324766289489466737286087417338383767273381081215934763436866098698621693268455615564083430977471494937935154447864407470853336576616197088153001670730495874715383141198459644886950833359970960343251028462579197449684374812438
3364809328876708111339446709608698858347011925902404315499600716866853928334304351417972185009890885095041620392198223715384892919087467564005873702575555576290440681848226708970949529807265271737408633865766840508340966365735740923596599658552515611724202955644951232542454513001432531038165619286217313395795049109782976473741205094275382386229960858109945173833706149373003154808836074422114742549
3950840748925005329978787369813443052398064345967935547894748729359308507002581729974356945033493341107988422872866417937647470748070599259670477958014520985379009909683563778767669336236980713170770350194227037822100285326814320899439157671461097062663102784071612767333259925780094449376958840862368825240047539884657255158252178550658536967061229356421461001611443833144147106320744707136956022641
6974901220363362174765564862600249490243990725462391949499523048609166215048388935428457347183569791390758664801863780381833670701777140399537085532031291542996770931338172669847130426056046054417725888322919657121530759490085102519375147873303739635328386572510353220965985474400444846283260011621097093582717123332517240908098256115788671675684818755005454977224672780810193431332568442038719935385
8736674124837742143763334980607002907207872294524201274806111489584885575678571605720217241909689531643918559620155422806111977316427646439707156133536838631928266432124524300488480744498744539490369444707765952619176103641844719205736846986218364844250909977389996832393659812009164335899763110673263388913419177458015507983757631783100271945884125778157951428905095551482991082330689407840852179921
9253446469536187234560865892439235609416196633939811315999360202239008348646646423280317101698442069200267430596801476873789891618773973449472914406896851722008941372070178570687255025009007731419136865662881758505574698119826232048189879157411028904217820295444406852198913258931057209982174979028991210786262346845475204255111020259730858844999565912758938145954536608411544703950994281110281445322
0002545373481578680379841743830446725979281146580975190614719288089100228999576527825068389439007015648313641572600403155724225273703110377354901061939171749772510473971239087613603755481952746012171833911906751944000621936373249148443976511803543755882658775126211196677651222805131229193082686162353492605945356631652581343983513502818974075687361680923633019023457948307838401113351055440376723156
8840391751313576715684039698507187644132722203342448216796187929334785978872018399090770598400304491383663541884190670095102570541224572533453074290867946961318619107232180812122386810715015469846753669580440103205029276306609507173055266115100967585177835685666237476611749142539840089093552842530249504114284665365975162863583410524312257095465348111372941041439192814066474094528697995547496074218
5755975254463799253548895870996018704658950565259278497675976653549849847573570113250001506954998831052375086789322672351169215381407497429986418331373183238811381850735738184646132340684982461374238511536903182861825168977820305669224890027704916482348740339363160069883619630043248673000263238585290292401287433493549541040402779446114985513392146744325039969689484727130484655098801600484068176874
1273500781293465135385145595344108009437829144999660998259539372681504679893698622465928873671623723471914853161311085737472350023928465725833978686474207867045723044711145820064876734479331566365078907658746814720509504178616718386486782855177972996035339286493617559311402214569254963590305588661661432131053702007823413234461330944653208913298779006973730021021482126573308862137727443325533574713
5173781784539360526494993659360652288259359578479807843187392710158481509886513774447837491773980711488818789744783765053095940904480173081156273877478513928290173366674400451712836593790158262338386296267307927701835192377114212447707750941466180007765288854541626084239936679550777327982981532786420105577879165304639702804772779642953276068426819483552013054450938605975191975501920771691444528626
4696700928390142877999990192960080838622523824288819084817456076609419139657987093512602092758896117102285681042946310040247008112889229769208041367029406685438776317539098244212603799294315581473412254655774825641388917656351114025113089950439922280225600004559291957116312077201724803016216748583087842991216450204788963774259024316170289504110923372860102315110168161673778607254754772805752515480
6403854379287071800688747181727629009744367403858987059181717135571340302508868026141132772545504546669217553844274002877040765020284411807912615000578477354067802499949559156670885293279256006343858135641345518595989699575595792115463261861644379409096747556902066971342625832903926186264314480759859533738101949160645794299099520737467570581263908001583180558557995272875198205799278097993281575448
6936986876728886528638763849005389386342527302280097096734140760220922690847578597079166056145037236506906602037748729216237968204423710024094328063382158494580464367178899396943230997463145116862949610573190098759381816253015411562686216573727695469672940869928215524801977298480376786002669762437506729847945579090348656211083794805902426553619951305719567555500322831625465455978609545112487405966
7672910676655310587704639699890973784747530521795077013186710828847861275038157150426542299924373290112136559414210207567494378542781397554714806497998432747075859414129044919916320557769015366651044642614637952343502819591575723350596228527694796191073168204667870934731889514500615323007578862885936849109280643352770655996241335678242262791299022497335900892605624959559202925867377642314122759406
3248429290278248943682992609120824801787052726048359371385319571457914511886357043409438907157133366079070929473847512653835317364156407649398534252893315868487380375373072506709448452102225991920008487325549014737500745536470055839517866132271431559999560763656247137534802229696428527310561346103743695216935813723150470778838999609233338221265790153652517882666342102990398036030581169261512840693
9173920612751456865153173245711540258478692100455131347653755051175870785332763487404591152805539488176346458054516712940038691178518995747077782849120076621166456811389003697669853377505006290140829706602055593923404027161699107282427785245822680154008543382163110659177506087633698000619484583070512844028227440733575294845110408082317223299544640219639297808132404839975641338156973154386062453504
2987183942647189165966207311775386016400180697290504840484165661557980888553360797125318425646713504433873605706737776158973589150529130012503228364280103001534639935856368569461105376969832785730266244608952265374509199878151467043446035700547126227483116082002415399588119779068274320566569479579138206986382966738663926216980612758939087075527520062558267386066922369335934076212585782265675979771
4923400588145707312876043401643437581194752439062039074209873950898153788957974502649291191196895571400159580797207845861521783208471148135918175341687040167311979784796037342558519452948067560927921440872723499955617812581782460890193336701829771620571535351864052816578483805288051627416459106688069556951936167357355991907144174354222519485912652192066849594194640426626458619249370504133740373480
9306595849538823328173063591554845367471322620440156556715413735649295369513720323881330833340672638315614237526871236593703344515697646665846096628729277736891648386828461810374880603557818328731629192632478148794537483240454656658544581853747578438743675936037538278606899451275996404547967364156609361338989722022339649913337436116135032333614643895864688590110873763532001841771094502600651980026
4547182086395696057735382814195930003761119175311957732432203456797158711081028511651945880206560259522387032579068756359072187688533718227420203288563075405187059088704624699079563373514816093432462777095180658818397694473276939868414674572112793550057152293594731922535805732661719035139850285315376969588318595546891384303225155769183504716578827216351370114716299128535560748062065040579008882405
5393520028598185439940104788455338256384603056627380319214776039496691101678139712292032830981103352931342339558020934357745889913280231890306820392874773540201934307974273496422125393382170058869050782357057394149341275088110260283151457841488236938755951507339142483472962441451201718616280887904984935789790861835747687236888486873637929501328010332112775027257288352552857966140547585407881753092
5656421200076886781203613691336978633655080679805340380435514422615757816260040520469020722201179624675104295385219187236965682370027564191627574681771292401241677721918321752754364705098997028477070062804901682935233970208970069854970147133771002172837022757163404503789331449742870125718173255465792631242784917331127027474659370313335895980808568060032253795482622225123561579681927536670738255652
3590974464406948689220324874895710579242619707933545906557650407279081324674768852455864548000361720469788560740126818639097748219031638825783184529600800804598208484748129729037165330954716667020936320455058106590008273686581547362745172112084882615367816735648352816998130269902626646680068242068075186536166348004282362624334614434977416745417211454635126258149461958461597001412694680535849184986
8880216928298069866748537902046604894506302880549201696027837505343035300251345015652320983983966767929294397055549809199486048331214978441292451451417203048066144131374426993216598278378053218904940628610062284031030778254127573788555409341075857581911279483923007243266057063550512176013211724277902329344273406084520867239445216797916396663327156649554274140989493386363887535218204626139065392825
5511404900984625579416374766445696816952115902054105908858358699457424146545001126459338785148543079359485225078791313177053155330072776116973554637201677235406685571923363834779259606274183144697644865126757145172771689727273202490301032537657336199132621249059519482623590568926353429650343956257869301575955348602157713924099434598120663592589759452597068553723326607322623823338486409703445226365
4341325147489379506804535474095453784714907841777642283073073525495106612085847061208224857577506049286872253510918227521958746086784947451795598861412634290803067390983564528890389340730103515512532567483138939231827973131216506951413890054009370545357358161997882900072203985461684482495977332212734550622053391142811668175350226340057469094748158313610401013282995101712329157209401189823717031802
6735489247796446551551052159392962897804067162754498356390829269745812611690268484971773903149835714743082743135491546383674042832051062384181948864791605550561049350871550703599468763346722172678787154446254037115086860052652108747506036304911037118313961653071400365055413053011222753429751977801826818903293698412872884815899248765265641771284307778467305509315942892004826766481925790086233799777
3645037417674398792977385986817775474014863607775907584286932922537857810744104779147988822424697294529794507881289643284521467299403436486050240922479513902682391729800039111316355349456312931656305084917670501818959759435235126009342461302937062224726785667258372378356638479660009852994865840480025844401337216706734166645867872194774508031114847264735838503372987638744592264220570649326542265539
0873025000244262770594755759564544114685080856352293844597892737066297273499622055560213916040749080130001804714073408526587105614742695320557132793608645085403713805697159896584071751721098710786412127618832302037720732982539427882931558743753679987269972625979443576597047842855766548951039672577395351950655379507857553838220230279146669645651449862997959928838842032901152050135022548747972091058
2620496792373296357217773966106508518249515123904330339956497733771567064971866627918977497068963164672829583923462028856039130504809584156804635458751617239046880871970614721898163697359293293923549824977201451831478950670511485264139842186653896702379624410223188732849748039661181195443039422601126867780660242319037179738857653514369413154304628998530738734672481696989481990571609633779579047840
4802318039666561396874713691115974076550011846867617345747381870300121823924662604936881344987235600799534443150364203874013283792686633189231055098764327429793329803606399600916837124124662718176979416447827434549257339677454534072202042334499033324028830328886863309123375381592102442308404943320679090250860571796769429637193796433374109807171748499052689698775145235493689140384948627890323408698
8373256790784546060493322972912269060697553539885618258286134081485190573602065674853225584440304851786735200290162594958552771212568554160136847806378987405328301348991942528081392414612893882543268849354939765528222395965488592729798088526520606824249608013715840717056288694279616348140918294888879367861771323996689361811242419339975081945672835230882719562125155845654302026000106191610294334489
5086379807299732735657254160929940375103931040544723479508506253005212213486972242480105449392858046572413692787963021775321202296600285583405403096135425569573147178045531345942765506634927299888215650179279023285146424098588230637593385717418332775799008899384588097527292198064401276328500872950520443791251838351230808219549070479467763766593712919068750204864832159584663575310780277635509116284
9390802248575341605345579324249716598997557198814643633420935254047130755871274796394569549823304966264153826445903096756813703618005289975264924732536364566083022193340758772805475550745735589110497533068781675108682326073047234956108587261080969786993643527165853519515046722235646467583285642938618099974282322349897799664320743139660647317258476699782621106208316443054409886181589668514502730192
6964300592464531699398749087565632527408532336814357092454367353704949755225851939631620037945917470088288401221742339970393456639566060251089949294807283503987611358669946603604508450176717971684110210793337916475532079229794163982388244092140451565979841651230765954777963296275385838227985057488820861718903573578973919345940289260963921140822481995663389106793128939783520138173226319081637240955
7499557954197807165946815217761468474269676258868866673382813704189491639212205738306221704389029717250101164559683229930069665504357526200035377225234239536271217261758881382249643045596794727798794421315745795531912800542547121750044496033034253933817768710382282839774473358402371168738918766044372878838654647277479502317765877469355847653000213346122303426409488630267819249769155381891226796558
3884677369955624058127682089559855903630562273763012167026675553981204795950828209017064978307816441703588664799419379264217028790772446630118593944184469722535112978847574129295331747955628178113905920375160967123686111150526369061491955246976037968847679331401494272681862497428791370552574360388588770564353953648722548253217287452077238720915105315626243413426798025622451561146150274514970123745
6806860879478552884750964692842944338480031821522215868907843888006173877790615332177479574798084340470059637430945426961554381716403662836539386210606289246188968799887079665229411641125290790292464351751203758176788226899124301238313718735351076297004346516804365596702359200575741416753091934854191650385251980695532151704242136061770998711629820100298271838498445318430419745758627298165836392451
0415087021238114433532825103988044499502709448213974607219628692238138507435340851455944915983636986615168136004196249218377288847810135629407797099426820489235794563474700898951298244639538823274301144519085505747187886753008854694198748597432704128290008687949557308904516788874733845666502903591813164584069773538890178392588783909320631712535984826081251345151261596875494359711423529082535769178
0594766065726204651671040462785592157917096105432222644338338743510906886302115347254120282946280117886482895108926836049339243515031838035616746066114955539650569739531094584721164904384066175686575362755705811396166589152615344550574690879357478862955347129817034195405910642265410268077208715955567313678784297122301740483074807516580522233627721024338692140883171176872472182803051114090878087086
9093549725448934619032917334046785135236299340913738802425742869745272428806714337113600913447103372672615897745555381613109454176135959172169257615769105162842584710702287200294653705460539242696875295868067319988593195416096157161060538203015633939125684955904256238513371911547049775473883372311272228092133838284440859586863776185394778222473414670393229777664017862223123601591686831287917185749
9548024330498842801218258842364798404624780972717630415693158765836038013822631971733639255736832148822385470618937918222716263245381782739662150131641669807917234774121945453148665271120096131657786539731634950441941374272314164324002606853979687427557849598116216033616134930462138304199934030363489689082096239779837482913020792724031963109387181008786492756317598318050744782692824780815882265425
0511581995978496890311549542331053818373036758781754903004656720867731327672641258639809000616653994368354940240670224176239998902949791821101008241540357429766823537079274186612053190502604132133901570994659079675325461672888294195305451693584321327710655879415743190311088541794919509367523962994270183393850878408588610864325710839187360635056436911381292468829523087860609411595508457695296227021
7798272207729559508844816416112709870712910709595016305170794656424493175255007059212374737859619122244789062306757705700987470399824556558143641636422930125070651178182239606913655147522903025106791299754563386387447632755925323483342546485806199020085836738679158538192294649799071562709139845038044985815358088872161185252473521684578585384116556027490752641376717632879235973148930700897224581524
6229452464647946104239673919190508454636098824996179964864327500145336345812657638470933783512344402853997328217988761696405634485949168885892795562947654274750005214250577699846771796115876697520678897408252493227048884031772943554041899077310426281652994335325264131683680832747619646197536523302788901822810335270320645876686741999099181004815157410286012865820784915770157128124340533828118520671
7038325595315570918493064061218773408197922150948648607381906045451197465455924480549360395689320237005820857960848886042537332917879189879371531653188531878835072801666784155556112454283184723658838204444156330282404790612226019713587399549723357589205131596214045604908852366880509182100300348747795572377453084260389846329213988532620510477242249639144406136761531547663255399648728719594157325949
4576679962795251468903485178015079375576277953428687386378572700501952943570299381649292355567097545342354872905815338027515279965820109065139971355608176765945883143037674916092475021225046295911495416081233233441469937168221059025540043088874729695046325825994224671216865683056539619833907265790959537408390398046833466665548007826619570051714841922954949745123392081568120250949453927702222891192
5356505254014872237392228663793638940567161836557159447024201979813456522309090877194239680312607215979842355175554297050555273831463271241230563772704187984409975053136514000740817478078847531951796173229672681591491835860689462872741460111100359479454814318773390712813446200440746405355878506575122982373282811933751562407484531672854833557589630183344912305367457482558926418461367149410275513468
7420586072244659183131850360448209442908767792807365582650363823580679127646356374865479204468157088497646101977316926476354874929932133175386421384533547093474219374438104361658533222610923046013016065427645816032721000375062751343638367304965246345130380940851328158023690896008593436648497560452892045436331740212087371552732307536656143842368898031246581778180067242051523372103837145596464111525
0726202085141582248751243728552736711683797646729588846112849595749885289974502032366726676256400504598389724616993692794900818645494370799400794435655071455391823098679112616499042593706953466321849290101945101936697024539495518667061240891882635910433035656937716904930750595521841619078005342649386809734328221018533257606412686833614691110356252145316019263669842639898126485285464626834326843076
8586003553362657004873782937205535743534296919323564000308362535063741895603267551991563024723770020980110554074471353771244125263206812156327060955590016396402167060107493450439878437931333625923120987973508082115388805223691031557556360152229564171498775344226677007145607561282429084681380511550305827051453835910527216376796208192190457011584023173908548754479214593030771222362465435848479317781
5860472024574621810813090320450198756493608554432134055475865684730708388030054585998563414342918163931168543690085499051011431221606582530509512906917586711411193119943311474568495712301951018541022122633881682795660322088755870361491117892895851908154949318350982077622898703269649953394723596036245120130658705352528823689728811980069938530634377234432400579920746277145058573193029855826102346276
3649484814032077162334175019540021266664118737489091798859918263747676993497784081631770813288892555810319981340632486868108713776862681023699124657169638622264924812404054718333623499478161834586493971486615651959542039515176357097231877752447065103285584542703636808266693369764866206572072897509373450306197744651327484480769880569684365170643118418189768478744699987664773622577820247110181259743
2390069258566907263629219706201399943730173615021406763195222021640563971480206053543383811828098998430234761990042957606577055071234216679004257430995103354301244725886412318474613472197465684594268633467551404037712483151265123779918988112232223846152357293181972720952179186972647460980016319222106015864973269254177875804743293137917604346994291340822804931633202132900854400679425867368294838089
7778293072776318203896571348614995139120372890800136707773941491282198166538231469639915788898252371124704835506385491676174719538958629722015586544565179750902897769071887151124206488017419970141160266640701686002619628812681867470232753330282958819811937854558799360521659451164472174563948399502366804085589556233982842203525240196684616526955532600099746010234111418216100336143970998065785531593
0421182543015681807734977520011671104309097672833766214441617883852220521885940927621964760009128973788143587683961771390839007028504131844194302557192508636143077644221575809369075559568045276217819310901975734558231223636403903933640157001231481575171459055809322796906312531448271468240636841875538485164448203844378110379000537526311702061265092428483308033412901135634979920650927169371307268179
1896645976840959887799013266689448362144752203317631253683919722429675086924225241876328255173113632944579289512069329577002552134585467828045829400575957252682393728710098410955707485519874600205347872880315758302155865505283767177074132802672848708098332959027174801686545238366951780098428653975485727333060209251086290304745634916960143908020018547998960046801436182278365046000091234870055249920
3635147799499125539709263900082874968733501456313861081706822456572048895807888472819423482239478395289425047379660100635423684624280298013299174472915439433286719468083073068541879393298019055716750440122852499074156062256456898833646695721184027502665319565793505481111842400123633836568327047438073195428022204702168592302578700576582277407833844807874584392834013963235999615657444389705164419206
8297290608937068449942822141306894965350793078821336192114883431247350242417285178475500277642440964637282215320541464467738637290894301595992919873203458435934784890834396094798963894429023717483747259694980657831967949765529464228828544103710284619704887426870779468540732457205627935432458387406392974309344997930569403638947557689055649548477608379760300159822848179342632255293081512977675747802
9087669416379645280673516108813025748236701017158941003182065522943984448329277240791765907754430464036560936317237346805118845917405686919542421010540306639544261328792505058595362555225879059825552031668850945885204825243336567843651526275850998015740773343431800750009286357023843754713675193903942253181595438136359891505482830612714739287153411306213994313532608314476862856142207390150426331572
3101440575054420988436072455140636457467120693734075483849498784778154216193285825920828239508757860442691436905761148859472093761913705593310760258974906610254931772447259805424251296053213325254742797974166346953207003758464702659453331200002914541770772916926806228039686087008894443880691191199329772292485129258100961313488959235691373950325655626037680326068062938388354116486692243615276443062
5066859363731628050553909418537026185170989952922941494037931868886875626479955446959780427796832390975523157043835995446770415854313206380327655154641532277610957074266231492086884671955923294736838044029291214199098422996160902097817722257750462883779510199839993174314593330285656918643192573138936404886549761335879803001465601944749911770331981615816025806059160763084514994972489288183491185950
0000751932746859912270405571270748718456317648920807103328456171006746544840788772131990040877787712151883566166611357012338916714222190625299278882825222237348909748193961985343860950999114810488366312661082675988286240634300633357490248643737915248893868755297063864837308077397523611497083952024287002058885171484683977792541290063927531944844169355846974442217489634788339216978142415148187453102
6600721346444804041738356661436288219371208853320954249356688249214192596069757971071638543782994923284855266446214968985738626619586526869085964119498404244262050289782755499872523190855762823550751523959151497282570109644482639341915564756257431809909823421274709420624244546287308144596172848398430135910382374784119151421271686716173656284331270125775896070790240813863399938363789076038876064458
0178448584202895510976946468907628055561929930347094585588685225909499345879066516847910159100334657015673127669240525042057027923357179194057437776822216676995520684027258319618188317828522715687613582518187536205389976527298608218380338606367106199136177964929656360083916282156765171786581726409342891741239536387578551174462436203056487935104074940625455314593562586836717528536453783815017731862
6750008942653000241583943152105771791259529320658655191387273671588735141223343210946828092322335624487267124837188694700752672203873904320761785646864899352166515997181995048265247484646602777291244586108712634219057464554938342411725032465813840096137601743333858752535525349543931611716008695292252631540926044646901890370353336212516837006437492972186968054668419875208624637435445466123748496307
8006886860300602310433657670995541153274614458665423635959947716531108900661036280385857125354326110880120870451282643785956253548379152061757811024766699255733334731017879361373768337623943547931073622670761010578926929129182542725690709089665455965694904209972516679556558731127205665834276271649994240187750433730205943239355803519131306204422344911028141668499610851009961217838638429049321550942
9595136383896894474539130559018638763447328017483067085439507662802868435963054883710318575508373803399190645525297016995235179147912270620010645057595766977379301564254093230375073742801858423213522952190189539048004723063440614265254801661883285248726163727025364372435952895236964042296951306277003534748763769110480665622960585770322173912416612885007476909942453809756528169928818175363538170616
0909870924909736555474136070966530652098649142111506206294177548243852585416688594821874295808978380058263682639685358109981230269585721870037684780196784009552340121648686353079496241781682180048634030578342716067627972134446725011748632366970104521628663160750084008380984769425087973711285784823590431555143380286689508532313421248805357042307448423563318530362379499864224458032906670290902739853
6720278959803181157483104292821149743060146891168748734096097658090851185041054147212137039163203970414807611880066338638312082289828305619908222778938516119707308738057659432502018636493246996950958437130760974560567193332700009411395701446740632885624632762920195316038979792755385681675998257319292719421713223920420765098035977427839775774955298630847320833250637543093272685186871674799539114184
2476725573874409307555776004431430437617154037906923123592318092568001344576108448359875660860431079832360851521918051342814031502962337365768532467560727250261382087096737813082851576919725485354801598284724239925898555069457856304724329416395194864862926456493901380991034427800736828768711604725169634522863614985819162471771026310493506528175674320136209503771589951727801931283043126889955050129
6540129864954284089290278127821833816905814384797446053717533773494741168042126159418901951588565470256151362388572203377044048816446200709277407291117759246505052316571779963997372352110616807381624021326948521980776520344700019761031146241946885165341756574301383880715974741683330274642530287830907472822868265687825607499317743764495558290445902870538990820303961867659444088395582343791406781425
1804479989839136563369272264271540208302150985912824661181727524739747475214379929409804025400026336156061109927659296110601508109472745093903084902899509247949909397807014883255618693180600887432982649930050415801760525422786771378340850463602499276387664461402643790707847747559143177285991462125944736110654675634483404247150345767350395147176401798330716775483107298844647752282816921540420439527
6002989665390615078847652217038699100788303702243936159784215763739352854298659243786062109992664381583202492442074628760531224818507195864763943159599960459499138814024288057959610906559219859499305780263026507342552715343646866339110004512186960529407752185098785143839127969354099681756677861879819254127458961622621012122469507935884103299867311655165595763366051783698580418277899602433840153023
2626017549147135701704716850733770291023642584105532013748380732300131684721828632660916978827405394406760749508247325353530023583241682220003094322266404125910063057384541186641810956138044571358820011364546863111755965723729692709842890326938883327804131022173234838215961178883939716398407766835962597251976427254948391370793471724762029446448604783903351878527236735328620940796477059443004969092
1947483626032295136647301194885580413064947458987297926977579186563667253541156639246677667686915984555908510664635867669496271433467549317632992643676404605816539924493939152708414760554217379959037555449679246203925743192550757226755125257746429061983281202707370529342241078067569850047998773279131200094011746688176346732479627712661906249693744142971404293782598978931039649698207465933999652944
7014877508913709579565435893485571436252559214708582970095505483130424613856545323160860744716809574132516198144086320484170435747744927614630042604346271655359422697439183691355346538865765435153754955887069556445234969656757551343043622689314396433044081463775228667805102671240261069538915332292491310657981150081070333569759681978036797183120480659166958464369542558410745647440064690000958507726
8969914740732214088292839369498011798333844008480117677999601688598520444763412007466247939318958452267343740226753472520331325293971668473716662000308339051234293397259741894807801327918994999104948682530327591948359337705280344919658090918930379905888120120090094200470398303749598499737140052595095417507040849132364686659071289038325434647078313674623704630586669570269816628551793291900307098770
5488475154529753386457524908291837468504125636953133177721749773548913882613354211823087103182551178983210495027670336211080706756899416973904280074888611780488152904388545399671197876065945282788591219867541313272310637360746421077684256606490921120405917249588114673565293108811017131950742616473216349401845049085072608707819072064168619773457521136411341316376518744465354973401024691675349976697
8509590106034237711343579486056806960359367374095216669910652673027707074314590518189110200260970084735826716653054529824729617950107593936210026299670015227077934682461510958116828736875387858196071162609366066762088294166860780937281958116024179666560963571203494138631618634374711500660754320694788527976865561974593867562890912378329038113147410790704189921100860222180035363227444141395009686899
6386989229159733316819006427079133776712459867767267698784724940198941077553845513667952173472385243165226194975390811386615347812780146661947994493279234526360910178581604164635531196545955174781393398889871911073257428354838384380817074420103151632106269677092060668433135203175553669261617949226807169339403530187630933706632625331812295656105983883902437187510649211027726756064201118549353192317
9209732284822231703572774288841406102257627722928796009720250308659869096484124017455471801289145048041767957935961888347066910461310049941587743833182141635519657960803286693834196580133060762760116332013424620057900108583367833599212195745888909838347321290973377255883487362709957689746560624069850128861269493733617438529385355719112331907677341210600644805327561075316522561233780694976882133286
3648255397203708748285317691893691514608124522131574691122514415399541981124465718253224559699449949927172112560744016391359992549985079927086176949180248526648689179035794113518009051419970185662686586490282524243272517665009770132453238218077534064534275712148480291632412609241993529715115678118890150851577365271457212374930300626898821702822623308563337367104328018029742358905516032516446311674
4012915031304027981960023682099256326684698018505181000099784113975571759514756818861641293985215893161914053580994569497973638034536459579029649637260104569593159594936373513471672110466061598064409324338221528662517421931745810880262856091614815747001306854118206197523055775016175989757136186574491458117265758900570449197311368698852850740696792824759161801739545816184318628168090913732008063735
8163141551694031638906328133247148416283095037414481281749104382223240015171606551478234201608480506889900541088423031901306785101202607087355110964770389984894306836638787116881361292068272064938039578914642752632437283167140651631699304606487429774491385080157339964742223634890285540841619549733018472153799119040519528962870812752516759891586390267308658538760313751292737475274651217141387569293
3878019235175988385482079200357391366188127353096151969392895788100484376654378194278687043640344769591050029547338643978961817463796686995545142753746869995867107723406625534882372077573207294536948980776873240839486657135223902023610060497940302361789372915552374199176178218026506793431775636290020739019345288868533419104882890590001302081555921608070948968147634660515141959137328619835956133091
3939273548091898145053952620721099505562171491524819139439865044768032798466380180748496631191968326439566404345408394315214188100773423880436040270297220181507515451861723536822212946550541848462473893799855801251240624194367183470881743857161231538846369359079863358230013533749314589984313652917262085958296734192938852652007310892429654630685901442053604477526158267269037301950349990563800433594
6588133037562214800218738972369206196764917859239625362274510339731349479848851230112979685197452547118620236948884284393165799904530516730604315377162962551891544717102568166654635378834494766816891736458837125919866062824565709916317902771377172646422227408056287061379624530021693064514568804589285429742725440333316859131697408610459624782479496091622521199786816967990999545762962098322863628559
3889233214294593165285247886473708271091052239337370860268709552150876540048808628708701905439080903510457719076495650089585720910520737990539104903628067964065891642932273336869239749634856557416944170533060294370853478194736433161881127365985883802406070265245612166516224128824254247945499156822173045247509611288179113776373343490478800584270842113195080665478420744632632915097642240148813171608
7485114835603884490326842299807425927702413952271385035052560751756623431310248869265936664328004964596420667462298024251377348293980320127781870400022936402585671104477281899243376903769622533210101389611699567450258114136416335063632377905639319393509205914481648850468137453676093403602118029969828007520657159324140688955014537482883496370341069342962883113540303897526428695113223627963885325017